MEMORY
  total           13480 KB
  struct            158 KB
  buffer             10 KB
  arena           13312 KB, used 0.2%

SIZES
  narena                13631488
  nbuffer               10240
  nplugin               0
  maxuse_stack          18272
  maxuse_arena          20608
  maxuse_con            6
  maxuse_efc            24
  ncon                  4
  ne                    0
  nf                    0
  nl                    0
  nefc                  16
  nJ                    128
  efm_active            0
  nefmK                 0
  nefmdof               0
  nefmL                 0
  nY                    0
  nA                    0
  nisland               1
  nidof                 8
  ntree_awake           1
  nbody_awake           4
  nparent_awake         3
  nv_awake              8
  flg_energypos         0
  flg_energyvel         0
  flg_subtreevel        0
  flg_rnepost           1
  threadpool            0

TIMER
    0:  duration =  9.8e+02    number = 21100
    1:  duration =  9.4e+02    number = 84401
    2:  duration =  0          number = 0
    3:  duration =  5.5e+02    number = 84401
    4:  duration =  71         number = 84401
    5:  duration =  21         number = 84401
    6:  duration =  2.3e+02    number = 84401
    7:  duration =  0          number = 0
    8:  duration =  83         number = 84401
    9:  duration =  55         number = 84401
    10:  duration =  1.9e+02    number = 84401
    11:  duration =  1.9e+02    number = 84401
    12:  duration =  3.1        number = 84401
    13:  duration =  85         number = 84401
    14:  duration =  99         number = 84401

SOLVER STAT
  solver_fwdinv =   0         0       
  ISLAND 0
    solver_niter = 1
    solver_nnz = 64
      0:  improvement =  3e-17       gradient =  1.4e-16     lineslope =  5.1e-26 
          nactive = 16   nchange = 0   neval = 2   nupdate = 0

ENERGY =   0         0       

TIME =  42      

QPOS
  -0.0028  
  -8.8e-05 
   0.021   
   0.69    
  -0.69    
   0.16    
   0.17    
  -0.46    
  -0.49    

QVEL
   1.4e-13 
   3e-15   
  -1.5e-15 
   3.1e-13 
   7.4e-13 
  -1.1e-12 
  -5.6e-13 
  -1e-10   

QACC_WARMSTART
  -1.1e-10 
  -2.6e-12 
   7.8e-13 
  -2.5e-10 
  -6.1e-10 
   9.5e-10 
   4.2e-10 
   8.2e-08 

CTRL
   0       
   0       

QFRC_APPLIED
   0       
   0       
   0       
   0       
   0       
   0       
   0       
   0       

XFRC_APPLIED
   0         0         0         0         0         0       
   0         0         0         0         0         0       
   0         0         0         0         0         0       
   0         0         0         0         0         0       

QACC
  -1.1e-10 
  -2.6e-12 
   7.8e-13 
  -2.5e-10 
  -6.1e-10 
   9.5e-10 
   4.2e-10 
   8.2e-08 

SENSOR
  -0.46    
  -0.49    
   5.1e-14 
   1.7e-11 
   0       
   0       
   0.68    
  -0.7     
   0.21    
   0.12    
  -8.1e-14 
  -1.1e-13 
   2.5e-13 
  -4.4     
  -8.8     
  -0.0004  

TREE_ASLEEP
  -11

XPOS
   0         0         0       
  -0.0028   -8.8e-05   0.021   
  -0.0002   -0.045     0.025   
  -0.00087   0.045     0.025   

XQUAT
   1         0         0         0       
   0.69     -0.69      0.16      0.17    
  -0.006     0.00072   0.71      0.71    
   0.0055   -0.011     0.71      0.71    

XMAT
   1         0         0         0         1         0         0         0         1       
   0.89     -0.45     -0.0075    0.0067   -0.0034    1        -0.45     -0.89     -4.1e-05 
  -1         0.0095   -0.0075   -0.0075    0.00011   1         0.0095    1        -4.1e-05 
  -1        -0.023    -0.0075   -0.0075   -0.00013   1        -0.023     1        -4.1e-05 

XIPOS
   0         0         0       
  -0.00094   0.053     0.019   
  -0.00013  -0.055     0.025   
  -0.00095   0.055     0.025   

XIMAT
   1         0         0         0         1         0         0         0         1       
   0.89     -0.45      0.11     -0.12     -0.0034    0.99     -0.45     -0.89     -0.059   
  -1         0.0095   -0.0075   -0.0075    0.00011   1         0.0095    1        -4.1e-05 
  -1        -0.023    -0.0075   -0.0075   -0.00013   1        -0.023     1        -4.1e-05 

XANCHOR
  -0.0028   -8.8e-05   0.021   
  -0.0002   -0.045     0.025   
  -0.00087   0.045     0.025   

XAXIS
   0         0         1       
  -0.0075    1        -4.1e-05 
  -0.0075    1        -4.1e-05 

GEOM_XPOS
   0         0         0       
   0.026     0.00013   0.068   
   0.029     0.00015   0.061   
  -0.00013  -0.055     0.025   
  -0.00013  -0.055     0.025   
  -0.00095   0.055     0.025   
  -0.00095   0.055     0.025   

GEOM_XMAT
   1         0         0         0         1         0         0         0         1       
   0.8      -0.0075    0.6       0.0059    1         0.0045   -0.6      -4.1e-05   0.8     
   0.89     -0.45     -0.0075    0.0067   -0.0034    1        -0.45     -0.89     -4.1e-05 
  -0.0075    1        -0.0095    1         0.0075   -0.00011  -4.1e-05  -0.0095   -1       
  -1         0.0095   -0.0075   -0.0075    0.00011   1         0.0095    1        -4.1e-05 
  -0.0075    1         0.023     1         0.0075    0.00013  -4.1e-05   0.023    -1       
  -1        -0.023    -0.0075   -0.0075   -0.00013   1        -0.023     1        -4.1e-05 

SITE_XPOS
   0.02      8.3e-05   0.065   

SITE_XMAT
   0.89     -0.45     -0.0075    0.0067   -0.0034    1        -0.45     -0.89     -4.1e-05 

CAM_XPOS
   0        -0.6       0.1     

CAM_XMAT
   1         0         0         0         2.2e-16  -1         0         1         2.2e-16 

LIGHT_XPOS
   0        -1         2       

LIGHT_XDIR
   0         0        -1       

SUBTREE_COM
  -0.00087   0.044     0.02    
  -0.00087   0.044     0.02    
  -0.00013  -0.055     0.025   
  -0.00095   0.055     0.025   

CDOF
   0         0         0         1         0         0       
   0         0         0         0         1         0       
   0         0         0         0         0         1       
   0.89      0.0067   -0.45      0.02     -0.00068   0.04    
  -0.45     -0.0034   -0.89      0.04     -0.0018   -0.02    
  -0.0075    1        -4.1e-05  -0.00021  -1.6e-06  -0.0023  
  -0.0075    1        -4.1e-05  -0.0047   -3.5e-05  -4.7e-17 
  -0.0075    1        -4.1e-05  -0.0047   -3.5e-05  -4.7e-17 

CINERT
   0         0         0         0         0         0         0         0         0         0       
   0.00061   0.00034   0.0005   -3.1e-05  -7.6e-05   1.9e-05  -2.6e-05   0.0035   -0.00037   0.39    
   0.0004    1.3e-05   0.0004    2.9e-06  -1.4e-07   1.8e-05   2.9e-05  -0.0039    0.00018   0.039   
   1.3e-05   1.3e-05   1.2e-05  -4e-09     1.4e-08  -1.9e-06  -3.1e-06   0.00041   0.00018   0.039   

ACTUATOR_LENGTH
  -0.46    
  -0.49    

actuator_moment
----------
       x  |
        x |
----------

ACTUATOR_MOMENT
     6:  1       
     7:  1       

CRB
   0         0         0         0         0         0         0         0         0         0       
   0.001     0.00037   0.00091  -2.8e-05  -7.6e-05   3.6e-05  -2.4e-20   4.3e-18   1.2e-18   0.47    
   0.0004    1.3e-05   0.0004    2.9e-06  -1.4e-07   1.8e-05   2.9e-05  -0.0039    0.00018   0.039   
   1.3e-05   1.3e-05   1.2e-05  -4e-09     1.4e-08  -1.9e-06  -3.1e-06   0.00041   0.00018   0.039   

M
     0:  0.47    
     0:  0          1:  0.47    
     0:  0          1:  0          2:  0.47    
     0:  0.0095     1: -0.00032    2:  0.019      3:  0.002   
     0:  0.019      1: -0.00085    2: -0.0095     3: -5.4e-20    4:  0.0018  
     0: -9.8e-05    1: -7.8e-07    2: -0.0011     3: -9e-05      4:  6.8e-21    5:  0.00037 
     0: -3.3e-19    1: -2.3e-21    2:  4.5e-22    3:  8.9e-21    4:  1.9e-20    5:  1.2e-05    6:  2.2e-05 
     0:  4.9e-19    1:  3.6e-21    2:  4e-21      3:  1.5e-20    4:  2.9e-20    5:  1.2e-05    7:  2.2e-05 

QLD
     0:  0.23    
     0:  0.022      1:  0.47    
     0:  0.039      1: -0.006      2:  0.25    
     0:  4.8        1: -0.16       2:  9.4        3:  0.002   
     0:  10         1: -0.47       2: -5.3        3: -3.3e-17    4:  0.0018  
     0: -0.27       1: -0.0022     2: -3          3: -0.25       4: -5.5e-17    5:  0.00036 
     0: -1.5e-14    1: -1e-16      2:  2e-17      3:  4e-16      4:  8.7e-16    5:  0.55       6:  2.2e-05 
     0:  2.2e-14    1:  1.6e-16    2:  1.8e-16    3:  6.6e-16    4:  1.3e-15    5:  0.55       7:  2.2e-05 

QLDIAGINV
   4.3     
   2.1     
   4.1     
   5.1e+02 
   5.5e+02 
   2.8e+03 
   4.5e+04 
   4.5e+04 

M: inertia structure
----------
 x        |
 xx       |
 xxx      |
 xxxx     |
 xxxxx    |
 xxxxxx   |
 xxxxxxx  |
 xxxxxx x |
----------

iM: block-diagonal inertia (nnzs are island ids)
----------
 0        |
 00       |
 000      |
 0000     |
 00000    |
 000000   |
 0000000  |
 000000 0 |
----------

TREE_AWAKE
  1

BODY_AWAKE
  -1 1 1 1

BODY_AWAKE_IND
  0 1 2 3

PARENT_AWAKE_IND
  1 2 3

DOF_AWAKE_IND
  0 1 2 3 4 5 6 7

CONTACT
  0:
     dim           3
     geoms         floor : right_wheel_collision
     exclude       0
     efc_address   0
     solref         0.004     1       
     solimp         0.9       0.95      0.001     0.5       2       
     dist          -4.2e-06 
     includemargin  0       
     pos           -0.0002   -0.045    -2.1e-06 
     frame          0         0         1         0         1         0        -1         0         0       
     friction       1         1         0.005     0.0001    0.0001  
     mu             1       
     force          0.26     -1.4e-14   4.2e-13   0         0         0       
  1:
     dim           3
     geoms         floor : right_wheel_collision
     exclude       0
     efc_address   4
     solref         0.004     1       
     solimp         0.9       0.95      0.001     0.5       2       
     dist          -3.3e-06 
     includemargin  0       
     pos           -5.2e-05  -0.065    -1.7e-06 
     frame          0         0         1         0         1         0        -1         0         0       
     friction       1         1         0.005     0.0001    0.0001  
     mu             1       
     force          0.21     -1.4e-14   3.9e-13   0         0         0       
  2:
     dim           3
     geoms         floor : left_wheel_collision
     exclude       0
     efc_address   8
     solref         0.004     1       
     solimp         0.9       0.95      0.001     0.5       2       
     dist          -8.7e-06 
     includemargin  0       
     pos           -0.001     0.065    -4.3e-06 
     frame          0         0         1         0         1         0        -1         0         0       
     friction       1         1         0.005     0.0001    0.0001  
     mu             1       
     force          2.2      -3e-13     3.4e-11   0         0         0       
  3:
     dim           3
     geoms         floor : left_wheel_collision
     exclude       0
     efc_address   12
     solref         0.004     1       
     solimp         0.9       0.95      0.001     0.5       2       
     dist          -7.9e-06 
     includemargin  0       
     pos           -0.00087   0.045    -3.9e-06 
     frame          0         0         1         0         1         0        -1         0         0       
     friction       1         1         0.005     0.0001    0.0001  
     mu             1       
     force          2        -3e-13     3.4e-11   0         0         0       

EFC_TYPE
  6
  6
  6
  6
  6
  6
  6
  6
  6
  6
  6
  6
  6
  6
  6
  6

EFC_ID
  0
  0
  0
  0
  1
  1
  1
  1
  2
  2
  2
  2
  3
  3
  3
  3

EFC_J
   0         1         1        -0.023     0.0087   -0.0024   -0.00019   0       
   0        -1         1        -0.057     0.032    -0.0021    0.00019   0       
  -1         0         1        -0.02      0.06      0.018     0.025     0       
   1         0         1        -0.061    -0.02     -0.023    -0.025     0       
   0         1         1        -0.041     0.018    -0.0024   -0.00019   0       
   0        -1         1        -0.075     0.041    -0.0021    0.00019   0       
  -1         0         1        -0.029     0.087     0.018     0.025     0       
   1         0         1        -0.087    -0.029    -0.023    -0.025     0       
   0         1         1         0.076    -0.04     -0.0024    0        -0.00019 
   0        -1         1         0.04     -0.018    -0.0021    0         0.00019 
  -1         0         1         0.029    -0.087     0.018     0         0.025   
   1         0         1         0.087     0.029    -0.023     0        -0.025   
   0         1         1         0.058    -0.031    -0.0024    0        -0.00019 
   0        -1         1         0.023    -0.0093   -0.0021    0         0.00019 
  -1         0         1         0.02     -0.061     0.018     0         0.025   
   1         0         1         0.06      0.02     -0.023     0        -0.025   

IEFC_J
   0         1         1        -0.023     0.0087   -0.0024   -0.00019   0       
   0        -1         1        -0.057     0.032    -0.0021    0.00019   0       
  -1         0         1        -0.02      0.06      0.018     0.025     0       
   1         0         1        -0.061    -0.02     -0.023    -0.025     0       
   0         1         1        -0.041     0.018    -0.0024   -0.00019   0       
   0        -1         1        -0.075     0.041    -0.0021    0.00019   0       
  -1         0         1        -0.029     0.087     0.018     0.025     0       
   1         0         1        -0.087    -0.029    -0.023    -0.025     0       
   0         1         1         0.076    -0.04     -0.0024    0        -0.00019 
   0        -1         1         0.04     -0.018    -0.0021    0         0.00019 
  -1         0         1         0.029    -0.087     0.018     0         0.025   
   1         0         1         0.087     0.029    -0.023     0        -0.025   
   0         1         1         0.058    -0.031    -0.0024    0        -0.00019 
   0        -1         1         0.023    -0.0093   -0.0021    0         0.00019 
  -1         0         1         0.02     -0.061     0.018     0         0.025   
   1         0         1         0.06      0.02     -0.023     0        -0.025   

EFC_POS
  -4.2e-06 
  -4.2e-06 
  -4.2e-06 
  -4.2e-06 
  -3.3e-06 
  -3.3e-06 
  -3.3e-06 
  -3.3e-06 
  -8.7e-06 
  -8.7e-06 
  -8.7e-06 
  -8.7e-06 
  -7.9e-06 
  -7.9e-06 
  -7.9e-06 
  -7.9e-06 

EFC_MARGIN
   0       
   0       
   0       
   0       
   0       
   0       
   0       
   0       
   0       
   0       
   0       
   0       
   0       
   0       
   0       
   0       

EFC_FRICTIONLOSS
   0       
   0       
   0       
   0       
   0       
   0       
   0       
   0       
   0       
   0       
   0       
   0       
   0       
   0       
   0       
   0       

EFC_DIAGA
   36      
   36      
   36      
   36      
   36      
   36      
   36      
   36      
   8.9     
   8.9     
   8.9     
   8.9     
   8.9     
   8.9     
   8.9     
   8.9     

EFC_KBIP
   6.9e+04   5.3e+02   0.9      -0.83    
   6.9e+04   5.3e+02   0.9      -0.83    
   6.9e+04   5.3e+02   0.9      -0.83    
   6.9e+04   5.3e+02   0.9      -0.83    
   6.9e+04   5.3e+02   0.9      -0.67    
   6.9e+04   5.3e+02   0.9      -0.67    
   6.9e+04   5.3e+02   0.9      -0.67    
   6.9e+04   5.3e+02   0.9      -0.67    
   6.9e+04   5.3e+02   0.9      -1.7     
   6.9e+04   5.3e+02   0.9      -1.7     
   6.9e+04   5.3e+02   0.9      -1.7     
   6.9e+04   5.3e+02   0.9      -1.7     
   6.9e+04   5.3e+02   0.9      -1.6     
   6.9e+04   5.3e+02   0.9      -1.6     
   6.9e+04   5.3e+02   0.9      -1.6     
   6.9e+04   5.3e+02   0.9      -1.6     

EFC_D
   0.25    
   0.25    
   0.25    
   0.25    
   0.25    
   0.25    
   0.25    
   0.25    
   1       
   1       
   1       
   1       
   1       
   1       
   1       
   1       

EFC_R
   4       
   4       
   4       
   4       
   4       
   4       
   4       
   4       
   0.99    
   0.99    
   0.99    
   0.99    
   0.99    
   0.99    
   0.99    
   0.99    

ACTUATOR_VELOCITY
  -8.5e-13 
  -1.6e-10 

CVEL
   0         0         0         0         0         0       
  -7.1e-14  -1.8e-12  -1.3e-12   2.8e-13   2.2e-15  -1.9e-15 
  -6.4e-14  -2.6e-12  -1.3e-12   2.8e-13   2.2e-15  -1.9e-15 
   1.1e-12  -1.6e-10  -1.2e-12   1e-12     7.7e-15  -1.9e-15 

CDOF_DOT
   0         0         0         0         0         0       
   0         0         0         0         0         0       
   0         0         0         0         0         0       
  -0         0         0        -2.1e-15   9.7e-14  -2.7e-15 
   0         0         0        -4.1e-15   2e-13     1.3e-15 
  -0         0         0         2.1e-15   2.5e-17   2.2e-13 
   1.3e-12   9.4e-15  -8.4e-14   1.8e-15   5.9e-15   2.7e-13 
   1.3e-12   9.4e-15  -8.4e-14   1.8e-15   5.9e-15   2.7e-13 

QFRC_BIAS
  -1.6e-27 
  -3.3e-26 
   4.6     
   0.18    
  -0.093   
  -0.01    
   8.3e-21 
   3.4e-20 

QFRC_SPRING
   0       
   0       
   0       
   0       
   0       
   0       
   0       
   0       

QFRC_DAMPER
   0       
   0       
   0       
   0       
   0       
   0       
   8.5e-16 
   1.6e-13 

QFRC_GRAVCOMP
   0       
   0       
   0       
   0       
   0       
   0       
   0       
   0       

QFRC_FLUID
   0       
   0       
   0       
   0       
   0       
   0       
   0       
   0       

QFRC_PASSIVE
   0       
   0       
   0       
   0       
   0       
   0       
   8.5e-16 
   1.6e-13 

EFC_VEL
   5.7e-15 
   5.6e-15 
  -2.2e-13 
   2.3e-13 
   7.2e-15 
   7.4e-15 
  -1.9e-13 
   2e-13   
   2.7e-14 
  -3.4e-14 
  -4.3e-12 
   4.3e-12 
   2.8e-14 
  -3.2e-14 
  -4.2e-12 
   4.2e-12 

EFC_AREF
   0.26    
   0.26    
   0.26    
   0.26    
   0.21    
   0.21    
   0.21    
   0.21    
   0.54    
   0.54    
   0.54    
   0.54    
   0.49    
   0.49    
   0.49    
   0.49    

SUBTREE_LINVEL
   0         0         0       
   0         0         0       
   0         0         0       
   0         0         0       

SUBTREE_ANGMOM
   0         0         0       
   0         0         0       
   0         0         0       
   0         0         0       

ACTUATOR_FORCE
   0       
   0       

QFRC_ACTUATOR
   0       
   0       
   0       
   0       
   0       
   0       
   0       
   0       

QFRC_SMOOTH
   1.6e-27 
   3.3e-26 
  -4.6     
  -0.18    
   0.093   
   0.01    
   8.5e-16 
   1.6e-13 

QACC_SMOOTH
   3.6e-13 
  -1.7e-14 
  -9.8     
  -1.1e-11 
  -5e-12   
  -2.5e-10 
   1.7e-10 
   7.2e-09 

EFC_B
  -10      
  -10      
  -10      
  -10      
  -10      
  -10      
  -10      
  -10      
  -10      
  -10      
  -10      
  -10      
  -10      
  -10      
  -10      
  -10      

EFC_FORCE
   0.064   
   0.064   
   0.064   
   0.064   
   0.052   
   0.052   
   0.052   
   0.052   
   0.55    
   0.55    
   0.55    
   0.55    
   0.49    
   0.49    
   0.49    
   0.49    

EFC_STATE
  1
  1
  1
  1
  1
  1
  1
  1
  1
  1
  1
  1
  1
  1
  1
  1

QFRC_CONSTRAINT
  -6.8e-11 
  -6.2e-13 
   4.6     
   0.18    
  -0.093   
  -0.01    
   2e-14   
   1.7e-12 

QFRC_INVERSE
   0       
   0       
   0       
   0       
   0       
   0       
   0       
   0       

CACC
   0         0         0        -0        -0         9.8     
  -2.4e-11  -1e-09    -7e-10     1.5e-10   9e-13     9.8     
  -2e-11    -1.5e-09  -7e-10     1.6e-10   9.2e-13   9.8     
   6.3e-10  -8.8e-08  -6.9e-10   5.6e-10   4e-12     9.8     

CFRC_INT
   5.5e-13  -1.8e-10  -8e-11     8.7e-09   6.1e-11  -1.3e-12 
   5.5e-13  -1.8e-10  -8e-11     8.7e-09   6.1e-11  -1.3e-12 
   0.0073    5.4e-05   1e-11     1.1e-10   1.4e-14  -0.078   
  -0.042    -0.00031  -9e-11     8.5e-09   6.1e-11  -3.8     

CFRC_EXT
   0         0         0         0         0         0       
   0         0         0         0         0         0       
  -0.046    -0.00034  -1e-11    -1e-10     5.9e-15   0.46    
   0.046     0.00034   9e-11    -8.5e-09  -6.1e-11   4.2     

TREE_ISLAND
  0

ISLAND_NTREE
  1

ISLAND_ITREEADR
  0

MAP_ITREE2TREE
  0

DOF_ISLAND            0 0 0 0 0 0 0 0

ISLAND_NV             8

ISLAND_IDOFADR        0

MAP_IDOF2DOF          0 1 2 3 4 5 6 7

EFC_ISLAND            0 0 0 0 0 0 0 0 0 0 0 0 0 0 0 0

ISLAND_NEFC           16

ISLAND_IEFCADR        0

MAP_IEFC2EFC          0 1 2 3 4 5 6 7 8 9 10 11 12 13 14 15

